# oST version 5.0 parameters


[image]

width
1280

height
1024

[narrow_stereo]

camera matrix
2585.290415 0.000000 716.336125
0.000000 2582.119597 620.850967
0.000000 0.000000 1.000000

distortion
-0.063212 0.479756 0.007614 0.003480 0.000000

rectification
1.000000 0.000000 0.000000
0.000000 1.000000 0.000000
0.000000 0.000000 1.000000

projection
2583.266846 0.000000 717.435504 0.000000
0.000000 2574.252441 623.201967 0.000000
0.000000 0.000000 1.000000 0.000000
